{
  "format": "fr3_o7_object_grasp_template_v1",
  "source_model": "/home/zyh/Projects/o7_mujoco_sim/models/fr3_o7/fr3_o7_actuated_scene_v13_cylinder.xml",
  "source_record": "/home/zyh/Projects/o7_mujoco_sim/records/stable_fr3_o7_cylinder_grasp_candidate_v1.json",
  "object_body": "grasp_cylinder",
  "object_token": "grasp_cylinder",
  "support_tokens": "pedestal table",
  "target_body": "fr3_link7",
  "T_world_object": [
    [
      -0.7070222176482315,
      0.7015420422831801,
      0.08920956597204509,
      0.5638822814848682
    ],
    [
      -0.6943144619998795,
      -0.6646403771220605,
      -0.27600832769476774,
      -0.003568805608232555
    ],
    [
      -0.13433916632759726,
      -0.25708351173925786,
      0.9570062990295394,
      0.2255823574184933
    ],
    [
      0.0,
      0.0,
      0.0,
      1.0
    ]
  ],
  "T_world_target": [
    [
      0.862008759438658,
      -0.025395584959235773,
      0.5062568151794126,
      0.48349507410251535
    ],
    [
      -0.501214880723454,
      0.10637287860760401,
      0.8587598349003658,
      -0.242657049611973
    ],
    [
      -0.07566070309214343,
      -0.994001949173797,
      0.07896570804021409,
      0.21120534604315894
    ],
    [
      0.0,
      0.0,
      0.0,
      1.0
    ]
  ],
  "T_object_target": [
    [
      -0.25129440869752373,
      0.07763240799455048,
      -0.9647923763102226,
      0.22476936286241714
    ],
    [
      0.9573141521574011,
      0.1670257310786717,
      -0.23590680201466915,
      0.10620878759232627
    ],
    [
      0.1428311388896517,
      -0.9828914560553468,
      -0.11629123516792712,
      0.04506014807125219
    ],
    [
      0.0,
      0.0,
      0.0,
      1.0
    ]
  ],
  "world_object_pose": {
    "body": "grasp_cylinder",
    "pos": [
      0.5638822814848682,
      -0.003568805608232555,
      0.2255823574184933
    ],
    "quat_wxyz": [
      -0.38253879027467497,
      -0.012367906495130403,
      -0.14609546664478607,
      0.9122320008911975
    ]
  },
  "world_target_pose": {
    "body": "fr3_link7",
    "pos": [
      0.48349507410251535,
      -0.242657049611973,
      0.21120534604315894
    ],
    "quat_wxyz": [
      -0.7154277297684363,
      0.6474314969150865,
      -0.20334601737477603,
      0.1662709159729619
    ]
  },
  "object_to_target_pose": {
    "body": "fr3_link7",
    "pos": [
      0.22476936286241714,
      0.10620878759232627,
      0.04506014807125219
    ],
    "quat_wxyz": [
      -0.44705706772548015,
      0.4177233221259406,
      0.6193971615498659,
      -0.491929223174158
    ]
  },
  "franka_qpos": {
    "fr3_joint1": 1.432317374110769,
    "fr3_joint2": -1.7018075633170693,
    "fr3_joint3": -1.7521243969870248,
    "fr3_joint4": -2.2066327653395876,
    "fr3_joint5": 0.0539578479276694,
    "fr3_joint6": 2.6004466274731786,
    "fr3_joint7": -0.18794321959072302
  },
  "franka_ctrl": {
    "fr3_joint1": 1.4320000000000004,
    "fr3_joint2": -1.6640000000000001,
    "fr3_joint3": -1.7120000000000004,
    "fr3_joint4": -2.212,
    "fr3_joint5": 0.052000000000000046,
    "fr3_joint6": 2.5999999999999996,
    "fr3_joint7": -0.18799999999999994
  },
  "o7_active_qpos": {
    "thumb_cmc_roll": 0.27114772633974027,
    "thumb_cmc_yaw": 1.4174314431841821,
    "thumb_cmc_pitch": 0.13141764349816656,
    "index_mcp_pitch": 0.4158376066004517,
    "middle_mcp_pitch": 0.4399989068021886,
    "ring_mcp_pitch": 0.4195130610259224,
    "pinky_mcp_pitch": 0.3910342170046078
  },
  "o7_active_ctrl": {
    "thumb_cmc_roll": 0.27,
    "thumb_cmc_yaw": 1.42,
    "thumb_cmc_pitch": 0.16,
    "index_mcp_pitch": 0.4200000000000001,
    "middle_mcp_pitch": 0.4400000000000001,
    "ring_mcp_pitch": 0.4200000000000001,
    "pinky_mcp_pitch": 0.4000000000000001
  },
  "full_qpos": [
    1.432317374110769,
    -1.7018075633170693,
    -1.7521243969870248,
    -2.2066327653395876,
    0.0539578479276694,
    2.6004466274731786,
    -0.18794321959072302,
    0.27114772633974027,
    1.4174314431841821,
    0.13141764349816656,
    0.18245859419433125,
    0.19823884365957678,
    0.4158376066004517,
    0.5597923394750501,
    0.19190876646842098,
    0.4399989068021886,
    0.5923265492699107,
    0.2030595100043141,
    0.4195130610259224,
    0.564746200447244,
    0.19360535923410016,
    0.3910342170046078,
    0.5263477538988405,
    0.18046006128235723,
    0.5638822814848682,
    -0.003568805608232555,
    0.2255823574184933,
    -0.38253879027467497,
    -0.012367906495130403,
    -0.14609546664478607,
    0.9122320008911975
  ],
  "full_ctrl": [
    1.4320000000000004,
    -1.6640000000000001,
    -1.7120000000000004,
    -2.212,
    0.052000000000000046,
    2.5999999999999996,
    -0.18799999999999994,
    0.27,
    1.42,
    0.16,
    0.4200000000000001,
    0.4400000000000001,
    0.4200000000000001,
    0.4000000000000001
  ],
  "source_contact_summary": {
    "ncon": 8,
    "hand_object": 7,
    "fr3_object": 0,
    "object_support": 1,
    "hand_support": 0,
    "support_detail": {
      "pedestal": 1,
      "table": 0
    }
  }
}