{
  "format": "fr3_o7_grasp_template_v1",
  "source_model": "/home/zyh/Projects/o7_mujoco_sim/models/fr3_o7/fr3_o7_actuated_scene_v1f_stable_hand.xml",
  "source_record": "/home/zyh/Projects/o7_mujoco_sim/records/stable_fr3_o7_grasp_candidate_v1.json",
  "box_body": "grasp_box",
  "target_body": "fr3_link7",
  "debug_body": "thumb_metacarpals_base1",
  "T_world_box": [
    [
      0.984318406159826,
      -0.08082859990722899,
      0.15679289758153991,
      0.5273216874418866
    ],
    [
      0.0806265828998381,
      0.9967149527315409,
      0.007658794373540816,
      0.02292786639602906
    ],
    [
      -0.1568968751278167,
      0.005102983284094316,
      0.9876018074794755,
      0.19348132522541087
    ],
    [
      0.0,
      0.0,
      0.0,
      1.0
    ]
  ],
  "T_world_target": [
    [
      0.9604148062827279,
      0.113333536549115,
      0.25447771880103526,
      0.510106787497308
    ],
    [
      0.10259528219697385,
      -0.9931945344209695,
      0.055125537341914874,
      0.014562833535300088
    ],
    [
      0.2589934515462344,
      -0.026835168894232115,
      -0.9655062225416181,
      0.4809111749492067
    ],
    [
      0.0,
      0.0,
      0.0,
      1.0
    ]
  ],
  "T_box_target": [
    [
      0.9129906151715276,
      0.03568875873835507,
      0.4064165955130617,
      -0.06271623213117528
    ],
    [
      0.025950906977360765,
      -0.9992293739287141,
      0.02944840751345535,
      -0.005479347353825673
    ],
    [
      0.40715437739973326,
      -0.016339240427316347,
      -0.9132131964587954,
      0.2811029990002798
    ],
    [
      0.0,
      0.0,
      0.0,
      1.0
    ]
  ],
  "world_box_pose": {
    "pos": [
      0.5273216874418866,
      0.02292786639602906,
      0.19348132522541087
    ],
    "quat_wxyz": [
      0.9960716799471363,
      -0.0006414726823631161,
      0.07873172659772959,
      0.04052298294828437
    ]
  },
  "world_target_pose": {
    "body": "fr3_link7",
    "pos": [
      0.510106787497308,
      0.014562833535300088,
      0.4809111749492067
    ],
    "quat_wxyz": [
      -0.02070053936579492,
      0.989837810356489,
      0.054536414068766054,
      0.12968568309245115
    ]
  },
  "box_to_target_pose": {
    "body": "fr3_link7",
    "pos": [
      -0.06271623213117528,
      -0.005479347353825673,
      0.2811029990002798
    ],
    "quat_wxyz": [
      -0.011705178170538311,
      0.9779357322389644,
      0.0157575962519012,
      0.20798170730763166
    ]
  },
  "debug_world_pose": {
    "body": "thumb_metacarpals_base1",
    "pos": [
      0.5621059046852916,
      0.043100144215677746,
      0.32156963462458865
    ],
    "quat_wxyz": [
      -0.13587329421710484,
      0.036477780802924804,
      -0.9835310608610542,
      0.11346572939797384
    ]
  },
  "debug_box_to_body_pose": {
    "body": "thumb_metacarpals_base1",
    "pos": [
      0.015768511621314207,
      0.017948083856597234,
      0.1321086594191841
    ],
    "quat_wxyz": [
      0.20820006869716015,
      0.012541639794944036,
      0.9705208706750871,
      -0.12076704123982372
    ]
  },
  "franka_qpos": {
    "fr3_joint1": 0.36002145755839926,
    "fr3_joint2": -0.002004250924084056,
    "fr3_joint3": -0.32000101311299717,
    "fr3_joint4": -2.2908300976028286,
    "fr3_joint5": 0.07916246842099693,
    "fr3_joint6": 2.5471118811804314,
    "fr3_joint7": -0.12998167074762984
  },
  "franka_ctrl": {
    "fr3_joint1": 0.36,
    "fr3_joint2": -0.03999999999999998,
    "fr3_joint3": -0.31999999999999995,
    "fr3_joint4": -2.261999999999999,
    "fr3_joint5": 0.08000000000000002,
    "fr3_joint6": 2.5499999999999967,
    "fr3_joint7": -0.1300000000000001
  },
  "o7_active_qpos": {
    "thumb_cmc_roll": 0.2715368183954086,
    "thumb_cmc_yaw": 1.4153980611910495,
    "thumb_cmc_pitch": 0.23381270252083777,
    "index_mcp_pitch": 0.22106438847878954,
    "middle_mcp_pitch": 0.2455986813224919,
    "ring_mcp_pitch": 0.23706200261254573,
    "pinky_mcp_pitch": 0.21480156979422174
  },
  "o7_active_ctrl": {
    "thumb_cmc_roll": 0.27,
    "thumb_cmc_yaw": 1.42,
    "thumb_cmc_pitch": 0.31,
    "index_mcp_pitch": 0.23,
    "middle_mcp_pitch": 0.25,
    "ring_mcp_pitch": 0.25,
    "pinky_mcp_pitch": 0.22
  },
  "full_qpos": [
    0.36002145755839926,
    -0.002004250924084056,
    -0.32000101311299717,
    -2.2908300976028286,
    0.07916246842099693,
    2.5471118811804314,
    -0.12998167074762984,
    0.2715368183954086,
    1.4153980611910495,
    0.23381270252083777,
    0.324529275395913,
    0.35262851952535645,
    0.22106438847878954,
    0.2975519844417913,
    0.1020168239429382,
    0.2455986813224919,
    0.3305885367468023,
    0.11333651605536943,
    0.23706200261254573,
    0.3190457513244599,
    0.10938901292211295,
    0.21480156979422174,
    0.28914841777679373,
    0.09913081276675517,
    0.5273216874418866,
    0.02292786639602906,
    0.19348132522541087,
    0.9960716799471363,
    -0.0006414726823631161,
    0.07873172659772959,
    0.04052298294828437
  ],
  "full_ctrl": [
    0.36,
    -0.03999999999999998,
    -0.31999999999999995,
    -2.261999999999999,
    0.08000000000000002,
    2.5499999999999967,
    -0.1300000000000001,
    0.27,
    1.42,
    0.31,
    0.23,
    0.25,
    0.25,
    0.22
  ]
}